1111111111111111
1111111111111111
1111111111111111
0000000000000000
0000001100000000
0000011000000000
0000100100000000
0000110000000000
0001000000000000
0001001100000000
0001011000000000
0001100100000000
0001110000000000
0001111100000000
0010001000000000
0010010100000000
0010100000000000
0010101100000000
0010111000000000
0011000100000000
0011001100000000
0011011000000000
0011100100000000
0011110000000000
0011111100000000
0100000100000000
0100010000000000
0100011100000000
0100100100000000
0100110000000000
0100111000000000
0101000100000000
0101001100000000
0101010100000000
0101100000000000
0101101000000000
0101110000000000
0101111000000000
0110000000000000
0110001000000000
0110010000000000
0110011000000000
0110100000000000
0110101000000000
0110101100000000
0110110100000000
0110111100000000
0111000000000000
0111000100000000
0111001100000000
0111010000000000
0111010100000000
0111011000000000
0111100000000000
0111100100000000
0111101000000000
0111101000000000
0111101100000000
0111110000000000
0111110100000000
0111110100000000
0111111000000000
0111111000000000
0111111000000000
0111111100000000
0111111100000000
0111111100000000
0111111100000000
0111111100000000
0111111100000000
0111111100000000
0111111000000000
0111111000000000
0111111000000000
0111110100000000
0111110100000000
0111110000000000
0111101100000000
0111101000000000
0111101000000000
0111100100000000
0111100000000000
0111011000000000
0111010100000000
0111010000000000
0111001100000000
0111000100000000
0111000000000000
0110111100000000
0110110100000000
0110101100000000
0110101000000000
0110100000000000
0110011000000000
0110010000000000
0110001000000000
0110000000000000
0101111000000000
0101110000000000
0101101000000000
0101100000000000
0101010100000000
0101001100000000
0101000100000000
0100111000000000
0100110000000000
0100100100000000
0100011100000000
0100010000000000
0100000100000000
0011111100000000
0011110000000000
0011100100000000
0011011000000000
0011001100000000
0011000100000000
0010111000000000
0010101100000000
0010100000000000
0010010100000000
0010001000000000
0001111100000000
0001110000000000
0001100100000000
0001011000000000
0001001100000000
0001000000000000
0000110000000000
0000100100000000
0000011000000000
0000001100000000
0000000000000000
1111110100000000
1111101000000000
1111011100000000
1111010000000000
1111000000000000
1110110100000000
1110101000000000
1110011100000000
1110010000000000
1110000100000000
1101111000000000
1101101100000000
1101100000000000
1101010100000000
1101001000000000
1100111100000000
1100110100000000
1100101000000000
1100011100000000
1100010000000000
1100000100000000
1011111100000000
1011110000000000
1011100100000000
1011011100000000
1011010000000000
1011001000000000
1010111100000000
1010110100000000
1010101100000000
1010100000000000
1010011000000000
1010010000000000
1010001000000000
1010000000000000
1001111000000000
1001110000000000
1001101000000000
1001100000000000
1001011000000000
1001010100000000
1001001100000000
1001000100000000
1001000000000000
1000111100000000
1000110100000000
1000110000000000
1000101100000000
1000101000000000
1000100000000000
1000011100000000
1000011000000000
1000011000000000
1000010100000000
1000010000000000
1000001100000000
1000001100000000
1000001000000000
1000001000000000
1000001000000000
1000000100000000
1000000100000000
1000000100000000
1000000100000000
1000000100000000
1000000100000000
1000000100000000
1000001000000000
1000001000000000
1000001000000000
1000001100000000
1000001100000000
1000010000000000
1000010100000000
1000011000000000
1000011000000000
1000011100000000
1000100000000000
1000101000000000
1000101100000000
1000110000000000
1000110100000000
1000111100000000
1001000000000000
1001000100000000
1001001100000000
1001010100000000
1001011000000000
1001100000000000
1001101000000000
1001110000000000
1001111000000000
1010000000000000
1010001000000000
1010010000000000
1010011000000000
1010100000000000
1010101100000000
1010110100000000
1010111100000000
1011001000000000
1011010000000000
1011011100000000
1011100100000000
1011110000000000
1011111100000000
1100000100000000
1100010000000000
1100011100000000
1100101000000000
1100110100000000
1100111100000000
1101001000000000
1101010100000000
1101100000000000
1101101100000000
1101111000000000
1110000100000000
1110010000000000
1110011100000000
1110101000000000
1110110100000000
1111000000000000
1111010000000000
1111011100000000
1111101000000000
1111110100000000
0000000000000000
0000001100000000
0000011000000000
0000100100000000
0000110000000000
0001000000000000
0001001100000000
0001011000000000
0001100100000000
0001110000000000
0001111100000000
0010001000000000
0010010100000000
0010100000000000
0010101100000000
0010111000000000
0011000100000000
0011001100000000
0011011000000000
0011100100000000
0011110000000000
0011111100000000
0100000100000000
0100010000000000
0100011100000000
0100100100000000
0100110000000000
0100111000000000
0101000100000000
0101001100000000
0101010100000000
0101100000000000
0101101000000000
0101110000000000
0101111000000000
0110000000000000
0110001000000000
0110010000000000
0110011000000000
0110100000000000
0110101000000000
0110101100000000
0110110100000000
0110111100000000
0111000000000000
0111000100000000
0111001100000000
0111010000000000
0111010100000000
0111011000000000
0111100000000000
0111100100000000
0111101000000000
0111101000000000
0111101100000000
0111110000000000
0111110100000000
0111110100000000
0111111000000000
0111111000000000
0111111000000000
0111111100000000
0111111100000000
0111111100000000
0111111100000000
0111111100000000
0111111100000000
0111111100000000
0111111000000000
0111111000000000
0111111000000000
0111110100000000
0111110100000000
0111110000000000
0111101100000000
0111101000000000
0111101000000000
0111100100000000
0111100000000000
0111011000000000
0111010100000000
0111010000000000
0111001100000000
0111000100000000
0111000000000000
0110111100000000
0110110100000000
0110101100000000
0110101000000000
0110100000000000
0110011000000000
0110010000000000
0110001000000000
0110000000000000
0101111000000000
0101110000000000
0101101000000000
0101100000000000
0101010100000000
0101001100000000
0101000100000000
0100111000000000
0100110000000000
0100100100000000
0100011100000000
0100010000000000
0100000100000000
0011111100000000
0011110000000000
0011100100000000
0011011000000000
0011001100000000
0011000100000000
0010111000000000
0010101100000000
0010100000000000
0010010100000000
0010001000000000
0001111100000000
0001110000000000
0001100100000000
0001011000000000
0001001100000000
0001000000000000
0000110000000000
0000100100000000
0000011000000000
0000001100000000
0000000000000000
1111110100000000
1111101000000000
1111011100000000
1111010000000000
1111000000000000
1110110100000000
1110101000000000
1110011100000000
1110010000000000
1110000100000000
1101111000000000
1101101100000000
1101100000000000
1101010100000000
1101001000000000
1100111100000000
1100110100000000
1100101000000000
1100011100000000
1100010000000000
1100000100000000
1011111100000000
1011110000000000
1011100100000000
1011011100000000
1011010000000000
1011001000000000
1010111100000000
1010110100000000
1010101100000000
1010100000000000
1010011000000000
1010010000000000
1010001000000000
1010000000000000
1001111000000000
1001110000000000
1001101000000000
1001100000000000
1001011000000000
1001010100000000
1001001100000000
1001000100000000
1001000000000000
1000111100000000
1000110100000000
1000110000000000
1000101100000000
1000101000000000
1000100000000000
1000011100000000
1000011000000000
1000011000000000
1000010100000000
1000010000000000
1000001100000000
1000001100000000
1000001000000000
1000001000000000
1000001000000000
1000000100000000
1000000100000000
1000000100000000
1000000100000000
1000000100000000
1000000100000000
1000000100000000
1000001000000000
1000001000000000
1000001000000000
1000001100000000
1000001100000000
1000010000000000
1000010100000000
1000011000000000
1000011000000000
1000011100000000
1000100000000000
1000101000000000
1000101100000000
1000110000000000
1000110100000000
1000111100000000
1001000000000000
1001000100000000
1001001100000000
1001010100000000
1001011000000000
1001100000000000
1001101000000000
1001110000000000
1001111000000000
1010000000000000
1010001000000000
1010010000000000
1010011000000000
1010100000000000
1010101100000000
1010110100000000
1010111100000000
1011001000000000
1011010000000000
1011011100000000
1011100100000000
1011110000000000
1011111100000000
1100000100000000
1100010000000000
1100011100000000
1100101000000000
1100110100000000
1100111100000000
1101001000000000
1101010100000000
1101100000000000
1101101100000000
1101111000000000
1110000100000000
1110010000000000
1110011100000000
1110101000000000
1110110100000000
1111000000000000
1111010000000000
1111011100000000
1111101000000000
1111110100000000
1111111111111111
1111111111111111
1111111111111111
0000000000000000
0000001100000000
0000011000000000
0000100100000000
0000110000000000
0001000000000000
0001001100000000
0001011000000000
0001100100000000
0001110000000000
0001111100000000
0010001000000000
0010010100000000
0010100000000000
0010101100000000
0010111000000000
0011000100000000
0011001100000000
0011011000000000
0011100100000000
0011110000000000
0011111100000000
0100000100000000
0100010000000000
0100011100000000
0100100100000000
0100110000000000
0100111000000000
0101000100000000
0101001100000000
0101010100000000
0101100000000000
0101101000000000
0101110000000000
0101111000000000
0110000000000000
0110001000000000
0110010000000000
0110011000000000
0110100000000000
0110101000000000
0110101100000000
0110110100000000
0110111100000000
0111000000000000
0111000100000000
0111001100000000
0111010000000000
0111010100000000
0111011000000000
0111100000000000
0111100100000000
0111101000000000
0111101000000000
0111101100000000
0111110000000000
0111110100000000
0111110100000000
0111111000000000
0111111000000000
0111111000000000
0111111100000000
0111111100000000
0111111100000000
0111111100000000
0111111100000000
0111111100000000
0111111100000000
0111111000000000
0111111000000000
0111111000000000
0111110100000000
0111110100000000
0111110000000000
0111101100000000
0111101000000000
0111101000000000
0111100100000000
0111100000000000
0111011000000000
0111010100000000
0111010000000000
0111001100000000
0111000100000000
0111000000000000
0110111100000000
0110110100000000
0110101100000000
0110101000000000
0110100000000000
0110011000000000
0110010000000000
0110001000000000
0110000000000000
0101111000000000
0101110000000000
0101101000000000
0101100000000000
0101010100000000
0101001100000000
0101000100000000
0100111000000000
0100110000000000
0100100100000000
0100011100000000
0100010000000000
0100000100000000
0011111100000000
0011110000000000
0011100100000000
0011011000000000
0011001100000000
0011000100000000
0010111000000000
0010101100000000
0010100000000000
0010010100000000
0010001000000000
0001111100000000
0001110000000000
0001100100000000
0001011000000000
0001001100000000
0001000000000000
0000110000000000
0000100100000000
0000011000000000
0000001100000000
0000000000000000
1111110100000000
1111101000000000
1111011100000000
1111010000000000
1111000000000000
1110110100000000
1110101000000000
1110011100000000
1110010000000000
1110000100000000
1101111000000000
1101101100000000
1101100000000000
1101010100000000
1101001000000000
1100111100000000
1100110100000000
1100101000000000
1100011100000000
1100010000000000
1100000100000000
1011111100000000
1011110000000000
1011100100000000
1011011100000000
1011010000000000
1011001000000000
1010111100000000
1010110100000000
1010101100000000
1010100000000000
1010011000000000
1010010000000000
1010001000000000
1010000000000000
1001111000000000
1001110000000000
1001101000000000
1001100000000000
1001011000000000
1001010100000000
1001001100000000
1001000100000000
1001000000000000
1000111100000000
1000110100000000
1000110000000000
1000101100000000
1000101000000000
1000100000000000
1000011100000000
1000011000000000
1000011000000000
1000010100000000
1000010000000000
1000001100000000
1000001100000000
1000001000000000
1000001000000000
1000001000000000
1000000100000000
1000000100000000
1000000100000000
1000000100000000
1000000100000000
1000000100000000
1000000100000000
1000001000000000
1000001000000000
1000001000000000
1000001100000000
1000001100000000
1000010000000000
1000010100000000
1000011000000000
1000011000000000
1000011100000000
1000100000000000
1000101000000000
1000101100000000
1000110000000000
1000110100000000
1000111100000000
1001000000000000
1001000100000000
1001001100000000
1001010100000000
1001011000000000
1001100000000000
1001101000000000
1001110000000000
1001111000000000
1010000000000000
1010001000000000
1010010000000000
1010011000000000
1010100000000000
1010101100000000
1010110100000000
1010111100000000
1011001000000000
1011010000000000
1011011100000000
1011100100000000
1011110000000000
1011111100000000
1100000100000000
1100010000000000
1100011100000000
1100101000000000
1100110100000000
1100111100000000
1101001000000000
1101010100000000
1101100000000000
1101101100000000
1101111000000000
1110000100000000
1110010000000000
1110011100000000
1110101000000000
1110110100000000
1111000000000000
1111010000000000
1111011100000000
1111101000000000
1111110100000000
0000000000000000
0000001100000000
0000011000000000
0000100100000000
0000110000000000
0001000000000000
0001001100000000
0001011000000000
0001100100000000
0001110000000000
0001111100000000
0010001000000000
0010010100000000
0010100000000000
0010101100000000
0010111000000000
0011000100000000
0011001100000000
0011011000000000
0011100100000000
0011110000000000
0011111100000000
0100000100000000
0100010000000000
0100011100000000
0100100100000000
0100110000000000
0100111000000000
0101000100000000
0101001100000000
0101010100000000
0101100000000000
0101101000000000
0101110000000000
0101111000000000
0110000000000000
0110001000000000
0110010000000000
0110011000000000
0110100000000000
0110101000000000
0110101100000000
0110110100000000
0110111100000000
0111000000000000
0111000100000000
0111001100000000
0111010000000000
0111010100000000
0111011000000000
0111100000000000
0111100100000000
0111101000000000
0111101000000000
0111101100000000
0111110000000000
0111110100000000
0111110100000000
0111111000000000
0111111000000000
0111111000000000
0111111100000000
0111111100000000
0111111100000000
0111111100000000
0111111100000000
0111111100000000
0111111100000000
0111111000000000
0111111000000000
0111111000000000
0111110100000000
0111110100000000
0111110000000000
0111101100000000
0111101000000000
0111101000000000
0111100100000000
0111100000000000
0111011000000000
0111010100000000
0111010000000000
0111001100000000
0111000100000000
0111000000000000
0110111100000000
0110110100000000
0110101100000000
0110101000000000
0110100000000000
0110011000000000
0110010000000000
0110001000000000
0110000000000000
0101111000000000
0101110000000000
0101101000000000
0101100000000000
0101010100000000
0101001100000000
0101000100000000
0100111000000000
0100110000000000
0100100100000000
0100011100000000
0100010000000000
0100000100000000
0011111100000000
0011110000000000
0011100100000000
0011011000000000
0011001100000000
0011000100000000
0010111000000000
0010101100000000
0010100000000000
0010010100000000
0010001000000000
0001111100000000
0001110000000000
0001100100000000
0001011000000000
0001001100000000
0001000000000000
0000110000000000
0000100100000000
0000011000000000
0000001100000000
0000000000000000
1111110100000000
1111101000000000
1111011100000000
1111010000000000
1111000000000000
1110110100000000
1110101000000000
1110011100000000
1110010000000000
1110000100000000
1101111000000000
1101101100000000
1101100000000000
1101010100000000
1101001000000000
1100111100000000
1100110100000000
1100101000000000
1100011100000000
1100010000000000
1100000100000000
1011111100000000
1011110000000000
1011100100000000
1011011100000000
1011010000000000
1011001000000000
1010111100000000
1010110100000000
1010101100000000
1010100000000000
1010011000000000
1010010000000000
1010001000000000
1010000000000000
1001111000000000
1001110000000000
1001101000000000
1001100000000000
1001011000000000
1001010100000000
1001001100000000
1001000100000000
1001000000000000
1000111100000000
1000110100000000
1000110000000000
1000101100000000
1000101000000000
1000100000000000
1000011100000000
1000011000000000
1000011000000000
1000010100000000
1000010000000000
1000001100000000
1000001100000000
1000001000000000
1000001000000000
1000001000000000
1000000100000000
1000000100000000
1000000100000000
1000000100000000
1000000100000000
1000000100000000
1000000100000000
1000001000000000
1000001000000000
1000001000000000
1000001100000000
1000001100000000
1000010000000000
1000010100000000
1000011000000000
1000011000000000
1000011100000000
1000100000000000
1000101000000000
1000101100000000
1000110000000000
1000110100000000
1000111100000000
1001000000000000
1001000100000000
1001001100000000
1001010100000000
1001011000000000
1001100000000000
1001101000000000
1001110000000000
1001111000000000
1010000000000000
1010001000000000
1010010000000000
1010011000000000
1010100000000000
1010101100000000
1010110100000000
1010111100000000
1011001000000000
1011010000000000
1011011100000000
1011100100000000
1011110000000000
1011111100000000
1100000100000000
1100010000000000
1100011100000000
1100101000000000
1100110100000000
1100111100000000
1101001000000000
1101010100000000
1101100000000000
1101101100000000
1101111000000000
1110000100000000
1110010000000000
1110011100000000
1110101000000000
1110110100000000
1111000000000000
1111010000000000
1111011100000000
1111101000000000
1111110100000000
